1.11693539824
9.93357975567
11.2400137769
-0.70667904006
10.2655130915
-0.0742425215668
11.2409716787
-0.301233629537
10.9546469276
-0.266892340288
10.7553346884
-0.0985712285457
10.5043328121
0.252444655843
10.7161650488
-0.177020709237
8.95524135417
-0.39872670223
11.0028877569
0.361274607365
10.6464231746
0.492887992565
11.0692838428
-2.33301873765
11.3943653452
0.398548259856
9.78043362724
0.34112665195
0.893385778199
8.60453697369
1.21803360818
7.91855293792
1.7642247484
7.28962223129
0.474593880398
7.05199697256
1.21786798933
8.53407237885
7.84019621875
7.7938947876
0.0384818510313
7.64630320777
1.48982540801
9.93963965806
8.84111765221
1.45491422782
8.72166346402
0.535320700083
7.62702125883
8.48834545646
0.703564659495
7.87113422734
7.32202270252
1.70730627318
8.43590883777
8.06227011986
1.61433195202
7.6119516401
9.18528384146
2.06293833609
8.07403461612
-0.337236247736
7.09751837883
1.77709152154
7.36250455673
1.50503123948
0.712843075114
1.09521797984
0.13746683503
1.2921424708
0.467292791226
1.94841616965
-0.607998625741
0.480940376015
-1.05243748165
0.560394394055
-1.83544447257
1.45529248291
-0.0073414194853
1.76341456112
-0.936118760673
1.41385897593
0.559519581201
1.56831714842
0.177467154204
0.535126513625
-0.189167810149
0.73811073316
0.00973673455405
0.7227260831
0.676247215931
0.733894612309
1.41689658062
1.3764706241
-0.0718061694681
0.780316380267
-0.130685650803
1.40359741954
0.401766675043
2.83684171929
-0.537950517374
1.23890139702
-0.503156361491
0.261356857396
0.161400882789
2.70323132718
0.136201057034
0.507697489056
0.225242060441
2.0351727808
0.382673777232
0.364964080299
1.00454613358
0.892648570981
0.0851567384002
-0.35621456374
-0.383227856958
1.05859514421
-0.265701836554
1.25451293467
0.150402410103
2.21510106465
0.706844222407
-0.306012671983
1.94112752264
0.14412343406
0.65902168995
-2.79864454561
0.894153088695
-0.134680202319
1.83974668333
-0.0210371812303
0.0428890030032
-0.77267870593
0.797857186532
1.73965053382
0.591556230386
0.73446719379
0.66205113821
0.80954271483
-1.96551807762
0.806735134644
-0.722832161566
0.417458008794
-0.0843864978443
-0.332016950995
0.214360940987
0.905252629774
0.551947967391
1.21990072429
-0.266775328768
1.48463598432
-1.36052683344
1.00171814858
0.44321469383
-0.67067983551
1.79459662513
-0.322662700783
0.39373058697
-0.829907408324
0.650154750609
0.309402572989
1.22920671134
0.0022042940124
1.41710071461
-0.0264888059945
-0.504916794795
0.538858488385
0.0410685948586
1.58146543118
-0.265060901608
1.94728047979
0.505318360408
-0.594823075925
0.862323452925
-0.804242886763
1.75902561714
0.0852422392801
1.08465870059
0.531777565399
0.958579067089
-0.715827587895
0.535642661063
-0.912035507314
0.9010077783
0.369232294981
2.26315443126
-0.850956039527
-1.23433726613
1.40951528401
0.348000250716
1.31148842627
0.681148542135
0.908775120982
-0.554126344951
0.00139256219977
0.706884309709
1.01582020862
0.225342078249
-0.1458775251
1.09798154331
0.209928970035
0.484262007677
-0.8644887191
0.527720864508
1.14264048114
-0.959336445984
1.27240744726
-0.189611664125
0.402114600841
-1.21482944655
-0.711536958856
1.26204664455
-1.35236766009
0.255810208434
-0.319160096957
1.89008333431
0.306465586535
1.08300679568
1.19406021499
1.23093925005
0.330575662333
0.275478110855
0.356150010681
0.0872929141207
1.4832287708
-1.04279322008
0.800286883358
0.479981584524
0.804650603649
-0.0274804234265
1.06457998923
0.829157992885
0.388740340758
0.728724378122
0.751237954348
1.17461361587
-0.279858734063
0.76894445814
0.684826910394